14 20 0.862459
20 8 0.348807
8 17 0.392593
18 11 0.31043
6 1 0.401467
11 19 0.452814
19 3 0.449749
2 6 0.936665
7 11 0.530485
12 11 0.85585
17 16 0.274031
15 1 0.645057
18 8 0.470237
17 8 0.27676
20 15 0.49898
18 9 0.348727
10 6 0.0545734
11 12 0.215556
20 6 0.848768
13 17 0.25031
6 17 0.96454
18 3 0.0172929
2 7 0.641763
4 7 0.10726
4 9 0.7226
14 16 0.743488
4 3 0.804563
9 7 0.295542
19 1 0.170512
7 10 0.796995
16 18 0.0930613
17 7 0.0814028
9 6 0.136618
5 4 0.145301
7 5 0.0746396
20 2 0.46784
14 4 0.987112
20 3 0.384037
1 8 0.508808
14 10 0.52904
